1.000000e+00
5.516464e-01
2.151463e-01
1.111672e-01
6.674719e-02
4.253826e-02
2.816796e-02
1.806273e-02
2.131574e-02
7.691563e-03
5.364763e-03
5.140049e-03
4.494368e-03
6.938916e-03
1.972301e-03
1.725930e-03
4.266050e-04
3.193724e-04
2.336510e-03
1.201023e-04
1.012713e-04
8.046900e-04
4.611608e-05
3.001252e-05
2.517030e-05
1.731086e-05
1.342575e-05
1.753468e-05
4.834450e-06
4.781702e-06
3.061294e-06
1.835841e-06
1.353231e-06
7.052536e-07
7.831725e-07
6.329126e-07
4.396476e-07
4.302804e-07
3.708367e-07
1.815104e-07
1.510790e-07
2.647313e-07
1.855364e-07
4.978363e-05
1.353981e-08
3.692927e-09
8.045597e-09
1.764056e-09
1.229891e-09
1.421261e-09
8.526007e-10
